   58.0   65.0  109.0   88.0   84.0
   92.0   85.0   90.0  104.0   98.0
   71.0   93.0   73.0   91.0   82.0
   77.0   95.0   57.0   95.0   85.0
   92.0  102.0  139.0  101.0   92.0
   66.0   63.0  101.0   93.0   84.0
   61.0   81.0  129.0   88.0   76.0
   57.0  111.0  102.0   83.0   72.0
   66.0   67.0   98.0   98.0   84.0
   75.0   91.0  111.0   96.0   84.0
   98.0  128.0   99.0   98.0   89.0
  100.0  116.0  103.0  103.0  103.0
   67.0  105.0  102.0   88.0   83.0
  111.0   99.0  132.0  109.0  105.0
   97.0   93.0   95.0  106.0   98.0
   99.0   99.0  113.0  104.0   95.0
   74.0  110.0  114.0   91.0   78.0
  117.0  128.0  134.0  108.0   98.0
   92.0   99.0  110.0   96.0   97.0
   95.0  111.0  113.0  101.0   91.0
  104.0  109.0  120.0  104.0  106.0
  100.0   78.0  125.0  115.0  102.0
   95.0  115.0  119.0  102.0   94.0
   81.0  129.0   70.0   94.0   95.0
  109.0  136.0  104.0  106.0  104.0
