 12.85   5.6   5.6   3.8
 11.55   4.1   4.8   4.8
 12.78   3.7   3.5   3.6
 11.19   4.8   4.5   5.2
  9.00   3.4   3.7   2.9
  9.34   6.1   5.8   3.4
 13.80   7.7   7.2   3.8
  8.79   4.0   4.0   3.8
  8.54   2.8   2.3   2.9
  6.23   3.2   3.0   2.8
 11.77   4.2   4.5   5.1
  8.04   2.7   2.1   4.3
  5.80   1.8   2.5   2.3
 11.57   5.0   4.6   3.6
  7.03   2.9   3.2   4.0
  0.27   0.0   0.2   2.7
  5.10   1.4   2.2   3.8
  9.91   4.2   4.3   4.3
  6.56   2.4   2.2   3.7
 14.17   4.7   4.7   3.4
  8.32   4.5   4.4   2.7
  7.32   3.6   2.9   2.8
  3.45   0.6   0.8   3.4
 13.73   5.6   4.7   5.3
  8.06   3.2   3.3   3.6
  9.94   3.7   3.5   4.3
 11.54   5.5   4.9   3.2
 10.80   3.0   3.6   4.6
 12.33   5.8   5.0   4.5
  2.96   3.5   3.1   3.0
  7.38   2.3   2.0   2.2
  8.68   2.0   1.8   2.5
 11.51   4.9   5.3   3.8
  1.60   0.1   0.3   2.7
 10.93   3.6   3.8   3.8
 11.61   4.9   4.4   2.5
 17.99   8.4   8.2   3.9
  9.58   2.1   2.3   3.9
  7.05   1.9   1.8   3.8
  8.85   2.4   2.0   2.4
  7.53   3.6   3.5   2.4
 10.47   3.6   3.7   4.4
 11.03   3.9   3.6   2.9
 12.31   5.5   5.0   5.5
